1101102201120111201112200002102112100012100201020020111120112202222221
2121012122200101020212020201210210012011212201022010110120200022120220
0200012121201121111212100210022021210200020212201010100012201001112102
1202101221120011001110222221012121021112200202101111110201110212110000
0222210122221100101001020021002021001012211012021201022000122211012001
2100010102201100001011011010221022011010112120221210212001010100120220
1110010010010101212001202100212021110211211020000102112110211100222020
2002120210021110100001010010200222222112001112102110101211010212021200
1001010111200200202220222110202221000002220121211120211002001011120020
0020100100101212012100110020101111122100010201120221001221110021101122
0020212112022202201112221222110112112220000111001200000210002022000120
2022020222110220122112220110221200100110112020102021122012021010210012
0212001201010011002100212110100002210211121020120210211210121000200112
0202122201112110200011211022011200022000222000020110000120022011001220
2102121021211001121101201010210200011022020201011012011221212111221100
2012120100020110210211200201221011222121201010202220212222011002101100
0102111021101011202211220210212211220112001022221020101212220011000021
1210112121121210020220211211010020202102010020220002222122021120202211
0021021020202020020200121100220212202211120210121202111101202001221011
1022102221200000010020022201020112110011221122200101200010102121012010
2122020121002112111210202021102100221201111002202222220111000100011102
2201010211100120002211200220221201000211201110112121211112202201021112
1210100102001121121222202000022202100020011121002100212112021201122221
0011102121222101110121002111111122010200002122211000200102201010000001
2111011100000100100012120021101202002021002221221020221221001210111102
0112110001001211210000121222111211122110022110101202001120100211201221
1111212012210102021122110102112122102020220211101100000012221211201020
0201101012001001000021122110002122022200102201100020000120110120120111
0001011101122022221212010010201111202222101002111210000100200221001020
0002020002202102000001100102001002222101202112212100010122000110020101
1121211122020202111011122002100021222212012120021212220222211212022112
0002222222220202201220020110021101002211020110112201012200010121200202
1012200101102112212001210101200201000012202011001210020112001201002022
0020121212220000110122022110122121100202212120021112210212002011010202
0202021110021100120200212211111211101020121120010102201112201200202220
2022102200201202201211222211122211210110201222002011220202200021200021
2222010200202111100000102000120102201222011012211110222200010210021011
0120122012112221111110002111202101100210222020021001221011000012021202
2001112212210010100112120010201222012122021201110010200202100220201021
2102212112211201011000101100122201020200112011002201012011012221101101
1001112222020110012012011221001121001201120121000222211102001102211202
2111200212220011212210000212102202020100122101010021121011200120220101
1122101111010011112010222121011122021020102220110100101121120112000220
0111121012001220222201002121101200120211021211202202121122002012002211
2121122021002011111021221202001121011101002012110022021201020210121011
2022111112200112101001120212021102000022111021110011000110220212220210
2100112221101222010112200212111210022101201012000021112021211222000211
1200120210220122110101200111112101120201102012102022222122020110022021
0211211111210201121202210220010020222200010011101200122002010211112210
1200012102222201121102020200020121100120001111212112011001022200121000
0022011200010201101020100112100201011010212000121211001200111210212220
1202122022100100201122111122202120011212202001101120200120010002201012
1202212112101212112122122212021200020110010101001010012220200222002121
2022020111220012001010120001002201102022020112111220121110011122221101
1002000210112110020100111020102011022222210121120101212021111002121010
0000001021012202202011021100210101000010200120010222111222002012120012
2222100022001010210120001011102020220020010202201222112211221102010022
1211102222222100000201011112102020020120010021002110201100112200111111
0120012120111012011220021012100222002101021100221010022020010110201200
2101110120020122022221112220000011201002101112220112201122221022220202
1012011112120000001112102100212000212120001221112021001020112110211201
0000222101201110211222220012121000122111010200012102122100211120202101
0100211220111212001212120021200201212000021212001102002201121112001222
1100011101001200011111000100002202121122202210110120222210221020012120
2122121221222121202001000011012120010201201021212002012221111222222100
0210220000111201211021100202000002011020212110011012000012000222211122
2201100001120022101220002011100020120010112210022202011122222202000001
2102020011202001120100112200121200202111120022220202202000022101211012
2022212001021110121021022022201122002222010202101111012112102201112100
1110100200210220022201121202012120001221211021112122011200001021020000
